51,207,254,120,39,74,178,78,292,114,
205,25,91,17,111,211,105,62,197,226,
211,114,142,163,12,212,31,166,298,185,
237,276,281,238,139,202,157,209,225,44,
293,41,12,183,283,34,71,181,133,208,
37,104,192,287,37,109,33,181,279,208,
146,145,160,112,298,246,60,252,134,38,
196,35,240,69,20,280,226,81,43,78,
209,163,24,244,206,250,46,136,21,218,
134,259,276,23,37,88,178,62,29,21,
203,95,299,88,94,80,67,286,73,66,
101,45,254,232,190,39,107,213,177,282,
216,250,181,86,35,127,175,214,271,172,
100,290,131,274,56,250,87,41,37,37,
97,117,213,243,165,219,29,198,161,38,
52,16,256,280,183,178,40,121,212,215,
20,279,84,247,98,113,55,281,132,290,
151,106,104,10,256,251,98,299,248,134,
171,104,63,269,38,108,240,28,157,187,
258,113,298,163,127,111,110,247,203,244,
